#Energy (keV)	 ΔE (keV)	Efficiency	Δeff
1173.228	0.003	0.0000745024361757781	2.55056705632141E-06
1332.492	0.004	0.0000695701233122666	2.38877250246199E-06
661.657	0.003	0.000106846707040792	5.44403285458432E-06
569.698	0.003	0.000119290382437267	2.17953814381401E-06
1063.656	0.003	0.0000805410823312681	1.51332284667121E-06
1770.228	0.009	0.0000595983397451359	2.71505185234879E-06
121.7817	0.0003	0.0002600917682217	2.38224281707226E-06
244.6974	0.0008	0.000200203291703643	2.68061795375883E-06
344.2785	0.0012	0.000160081272893249	1.60100283045599E-06
#M411.1165	0.0012	0.000162413496453601	0.0000037093517099989
443.965	0.003	0.000128058141289553	3.18399018442901E-06 #analizar
778.9045	0.0024	0.0000935992656742803	1.32304664322316E-06
867.38	0.003	0.0000920168081908321	2.05589451224765E-06
#M964.079	0.018	0.000104321593842493	0.0000013531638533923
1085.837	0.01	0.0000753099979499459	1.29386809567261E-06
#1098.737	0.005	0	0
1112.076	0.003	0.0000744447706280463	1.12475484183455E-06
#M1212.948	0.011	0	0
#M1299.142	0.008	0	0
#1408.013	0.003	0.0000711259297670992	9.22083943882556E-07
53.1622	0.0006	0.000274160492080025	0.0000134541210783555
276.3989	0.00012	0.000190844627090421	0.0000090153903972391
302.8508	0.0005	0.000179713879849457	8.46813054399111E-06
356.0129	0.0007	0.000162390174050921	7.57051955911434E-06
383.8485	0.0012	0.000153163288804241	7.22923519811819E-06
80.30605	0.0012	0.000279337436555872	0.0000132823642859978
