#Energy (keV)	 ΔE	Efficiency	Δeff
1173.228	0.003	0.0000333562805787567	1.14812720094516E-06
1332.492	0.004	0.0000309205028998566	1.06820070491726E-06
661.657	0.003	0.0000478286337466007	2.44084817852851E-06
569.698	0.003	0.000053312343104554	1.64496450814927E-06
1063.656	0.003	0.0000361347700794358	1.12645042395763E-06
1770.228	0.009	0.0000261877762789547	0.0000013651337474153
778.9045	0.0024	0.0000404083974648196	1.00172547514238E-06
867.38	0.003	0.0000392929747571677	1.14946799049254E-06
1085.837	0.01	0.0000332566211177882	8.7275370442388E-07
1112.076	0.003	0.000033601911730397	8.44012024790317E-07
#1299.142	0.008	0.0000268095318811397	1.14290196701735E-06
#1408.013	0.003	0.0000340028280251062	8.18538874548599E-07
53.1622	0.0006	0.000123263214074516	6.26054078295814E-06
276.3989	0.00012	0.0000877515965562786	4.21119120485362E-06
302.8508	0.0005	0.0000801074777022652	3.80080172983997E-06
356.0129	0.0007	0.0000732779529548169	3.42396493062691E-06
383.8485	0.0012	0.0000703688007585882	3.37417548532295E-06
80.30605	0.0012	0.000123389991042605	0.000005880562040392