#Energy (keV)	 ΔE (keV)	Efficiency	Δeff
1173.228	0.003	0.00148955413368946	0.0000327267338550353
1332.492	0.004	0.00135746683091155	0.0000298512009581201
661.657	0.003	0.00220343618528228	0.000110893900528358
569.698	0.003	0.00252019863322547	0.0000461065114792876
1063.656	0.003	0.00164677438383541	0.0000311336256711908
1770.228	0.009	0.00108596268720062	0.0000504656410248323
121.7817	0.0003	0.00622482914382584	0.0000509963845547742
244.6974	0.0008	0.00434482496734617	0.0000435011535337716
344.2785	0.0012	0.00353868422305538	0.0000299747906394982
411.1165	0.0012	0.0030836605003751	0.0000448921016466426
443.965	0.003	0.00291028180444917	0.0000517566599402815
778.9045	0.0024	0.00197225254163557	0.0000199761199864974
867.38	0.003	0.00181980269606396	0.0000260708482378404
964.079	0.018	0.0017522148856355	0.0000173980821663379
1085.837	0.01	0.00158344633480358	0.0000187765568508776
1098.737	0.005	0.00162255498663074	0.0000342919702601194
1112.076	0.003	0.00157943409561133	0.0000165433714540831
1212.948	0.011	0.00144656406275546	0.0000351907941560794
1299.142	0.008	0.00142748457245075	0.0000325449921739962
1408.013	0.003	0.00133086985638322	0.0000128144908242066
53.1622	0.0006	0.00651961727899074	0.000134356848849363
276.3989	0.00012	0.00403947990020424	0.0000579492108491264
302.8508	0.0005	0.00381572603545769	0.0000495137464372432
356.0129	0.0007	0.00340627237550523	0.0000355929571915105
383.8485	0.0012	0.00323070228180441	0.0000459361174215352
80.30605	0.0012	0.00656634821505313	0.000091901270278642