#Energy (keV)	 ΔE (keV)	Efficiency	Δeff
1173.228	0.003	0.00983732430289928	0.000228091195077749
1332.492	0.004	0.00889094732110886	0.000207431014273609
661.657	0.003	0.0153817164075122	0.000770512618471089
569.698	0.003	0.0170968245273516	0.000308048524509351
1063.656	0.003	0.0107856906639635	0.000197562818871436
1770.228	0.009	0.00708591881144147	0.000302833902900162
121.7817	0.0003	0.0492043442095459	0.000414887501595274
244.6974	0.0008	0.0302372273023427	0.000316418237026069
344.2785	0.0012	0.0256524809502625	0.000225001123323715
411.1165	0.0012	0.0218941164017982	0.000337902554636039
443.965	0.003	0.0186966584584405	0.000350185323701932
778.9045	0.0024	0.0136161137967082	0.000145239780165247
#867.38	0.003	0.0110264420778406	0.000176372302329191
964.079	0.018	0.0108598368522326	0.000116647796647665
1085.837	0.01	0.0104856529579219	0.000132419193240351
1112.076	0.003	0.0105457349572683	0.00012380095645587
#1212.948	0.011	0.00856352759435533	0.000240428943990825
1299.142	0.008	0.00960606597146852	0.000238895027621403
1408.013	0.003	0.00849587852388142	0.0000878633722248632
53.1622	0.0006	0.0572767842242051	0.00110033722714767
276.3989	0.00012	0.0273515103000206	0.000377707616871657
302.8508	0.0005	0.0255708153619698	0.00032582631079304
80.30605	0.0012	0.0543966958872229	0.00075541479780714