#Energy (keV)	 ΔE (keV)	Efficiency	Δeff
1173.228	0.003	0.000274792472052671	6.26417341418828E-06
1332.492	0.004	0.000253161806922919	5.79239197728544E-06
661.657	0.003	0.000407058060820121	0.0000207464903610089
569.698	0.003	0.000455317495515073	8.59586983388511E-06
1063.656	0.003	0.000305341053587587	6.10100454740692E-06
1770.228	0.009	0.000219369600681734	0.0000115208717839826
121.7817	0.0003	0.00103803460535059	0.0000085116521078333
244.6974	0.0008	0.000769698992280292	7.65774088157143E-06
344.2785	0.0012	0.000627512587384013	5.29870927929694E-06
411.1165	0.0012	0.000552348034287125	7.89572381549598E-06
443.965	0.003	0.000516613519946526	9.11837472027215E-06
778.9045	0.0024	0.000359615467943482	0.0000035935166664651
867.38	0.003	0.000336481818349219	4.69178941370281E-06
#964.079	0.018	0.000336345561142361	0.0000032594084906944
1085.837	0.01	0.000287121230833649	3.35564841292121E-06
#1098.737	0.005	0.000304373711320186	6.17812541519883E-06
1112.076	0.003	0.000292621861237423	0.0000030081263393496
1212.948	0.011	0.000266738233104643	0.0000062688360224835
1299.142	0.008	0.000258911140977549	5.74291663938798E-06
1408.013	0.003	0.000252370598916495	2.37866704791619E-06
53.1622	0.0006	0.00110380916774158	0.0000294285379294252
276.3989	0.00012	0.000750775095246409	0.0000135476683631585
302.8508	0.0005	0.000696193005253102	0.0000103106951702216
356.0129	0.0007	0.000623350875464095	6.99655979699607E-06
383.8485	0.0012	0.000595051889789124	0.0000107084181394186
80.30605	0.0012	0.00109565026045099	5.55287298297313E-06
